000001 平安银行   9.3   15
000002 万科      18.4   40
000027 深圳能源   5.5   8
000059 华锦股份   5.5   15
000338 潍柴动力   7     14
000402 金融街     9.7   13
000415 渤海金控   5.5   8.3
000488 晨鸣纸业   7     15
000528  柳工      7.3   10
000550 江铃汽车   16.3  30
000568 泸州老窖   18    70
000617 中油资本   8.8   18
000623 吉林敖东   16    32
000625 长安汽车   11.3  16
000709 河钢股份   3     5     
000729 燕京瓶酒   6.5   8.2
000732 泰禾集团   16    38
000761 本钢板材   4.55  7.5
000825 太钢不锈   4.2  7
000858 五粮液     24   83
000876 新希望     7.38 8.4
000883 湖北能源   4.4  5.4
000898 鞍钢股份   5.5  8
000951 中国重汽   11.5 19
000959 首钢股份   3.8  9
002142 宁波银行   15   20
002146 荣盛发展   7.8  14
300158 振东制药   12.6 21
600000 浦发银行   11.92 18
600004 白云机场   12.6  20
600011 华能国际   5.9   8.2
600015 华夏银行   9     12
600016 民生银行   8.1   9.4
600019 宝钢股份   6     11
600023 浙能电力   5.35  5.95
600026 中远海能   5.4   7
600027 华电国际   3.44  5.3
600028 中国石化   5.8   7.5
600029 南方航空   7     12
600048 保利地产   9     15
600068 葛洲坝     8.1   13
600089 特变电工   8.6   12
600104 上汽集团   24    34
600115 东方航空   6.5   8.85
600153 建发股份   10.4  13.6
600170 上海建工   3.7   5
600210 紫江企业   4.4   7
600219 南山铝业   3.1   4.5
600306 华泰股份   4.9   7.7
600325 华发股份   7     17
600335 国机汽车   9.2  14
600348 阳泉煤业   6   9
600376 首开股份   8.8   14
600508 上海能源   10    14
600585 海螺水泥   17.5  31
600600 青岛啤酒   29.1  40
600606 绿地控股   7.38  10
600611 大众交通   4.44 6.6
600623 华谊集团   8.8  13
600635 大众公用   3.85 6.5
600642 申能股份   5.64 6.5
600676 交运股份   5.5   9
600694 大商股份   32.8  50
600717 天津港     9.6   18
600742 一汽富维   15.2  20
600755 厦门国贸   9.1   11
600823 世茂股份   4.95  6.6
600859 王府井     14.8  23
600894 广日股份   8.2   13
600969 郴电国际   9.89  15.5
600999 招商证券   15.8  22
601600 大秦铁路   6.8   10
601088 中国神华   13    26
601111 中国国航   6     12
601117 中国化学   6.15  9
601166 兴业银行   14.5  19
601169 北京银行   7.1   8
601186 中国铁建   10.1  14
601211 国泰君安   17.1  22
601288 农业银行   2.8   4
601318 中国平安   33    80
601328 交通银行   5.5   7
601390 中国中铁   7.5   9.9
601398 工商银行   4.4   7
601588 北辰实业   4.1   6.5
601607 上海医药   15    25
601618 中国中冶   4.1   5.7
601633 长城汽车   11    15
601666 平煤股份   4.7   8
601668 中国建筑   5.5   10.8
601800 中国交建   12.34 18
601818 光大银行   3.3   4.8
601872 招商轮船   3.84  5.7
601898 中煤能源   5.29  6.9
601939 建设银行   4.6   9
601988 中国银行   3.4   4.8
601991 大唐发电   3.65  5
601992 金隅集团   4.55  9
601998 中信银行   5.8   7.2
